SO;Rank;Freq;cumFreq;Zone
JASSS-THE JOURNAL OF ARTIFICIAL SOCIETIES AND SOCIAL SIMULATION;1;134;134;Zone 1
PHYSICA A-STATISTICAL MECHANICS AND ITS APPLICATIONS;2;114;248;Zone 1
PLOS ONE;3;95;343;Zone 1
PHYSICAL REVIEW E;4;63;406;Zone 1
IEEE ACCESS;5;55;461;Zone 1
SCIENTIFIC REPORTS;6;37;498;Zone 1
PLOS COMPUTATIONAL BIOLOGY;7;31;529;Zone 1
COMPLEXITY;8;28;557;Zone 1
JOURNAL OF STATISTICAL MECHANICS-THEORY AND EXPERIMENT;9;27;584;Zone 1
ECOLOGICAL MODELLING;10;26;610;Zone 1
NEUROCOMPUTING;11;26;636;Zone 1
IEEE TRANSACTIONS ON AUTOMATIC CONTROL;12;25;661;Zone 1
INTERNATIONAL JOURNAL OF MODERN PHYSICS C;13;25;686;Zone 1
AUTONOMOUS AGENTS AND MULTI-AGENT SYSTEMS;14;23;709;Zone 1
JOURNAL OF THEORETICAL BIOLOGY;15;23;732;Zone 1
SIMULATION MODELLING PRACTICE AND THEORY;16;23;755;Zone 1
ADAPTIVE BEHAVIOR;17;22;777;Zone 1
INTERNATIONAL JOURNAL OF CONTROL;18;22;799;Zone 1
INFORMATION SCIENCES;19;21;820;Zone 1
JOURNAL OF ECONOMIC DYNAMICS & CONTROL;20;21;841;Zone 1
COMPUTATIONAL AND MATHEMATICAL ORGANIZATION THEORY;21;20;861;Zone 1
JOURNAL OF ECONOMIC BEHAVIOR & ORGANIZATION;22;20;881;Zone 1
PROCEEDINGS OF THE NATIONAL ACADEMY OF SCIENCES OF THE UNITED STATES OF AMERICA;23;20;901;Zone 1
IET CONTROL THEORY AND APPLICATIONS;24;19;920;Zone 1
INTERNATIONAL JOURNAL OF ROBUST AND NONLINEAR CONTROL;25;19;939;Zone 1
CHAOS SOLITONS & FRACTALS;26;18;957;Zone 1
ENVIRONMENTAL MODELLING & SOFTWARE;27;18;975;Zone 1
IEEE TRANSACTIONS ON SYSTEMS MAN CYBERNETICS-SYSTEMS;28;18;993;Zone 1
INTERNATIONAL JOURNAL OF CONTROL AUTOMATION AND SYSTEMS;29;18;1011;Zone 1
JOURNAL OF THE FRANKLIN INSTITUTE-ENGINEERING AND APPLIED MATHEMATICS;30;18;1029;Zone 1
COMPUTATIONAL ECONOMICS;31;17;1046;Zone 1
EXPERT SYSTEMS WITH APPLICATIONS;32;17;1063;Zone 1
TRANSPORTATION RESEARCH PART C-EMERGING TECHNOLOGIES;33;17;1080;Zone 1
AUTOMATICA;34;16;1096;Zone 1
CONSTRUCTION AND BUILDING MATERIALS;35;16;1112;Zone 1
FRONTIERS IN PSYCHOLOGY;36;16;1128;Zone 1
IEEE TRANSACTIONS ON CYBERNETICS;37;16;1144;Zone 1
JOURNAL OF ECONOMIC INTERACTION AND COORDINATION;38;16;1160;Zone 1
SIMULATION-TRANSACTIONS OF THE SOCIETY FOR MODELING AND SIMULATION INTERNATIONAL;39;16;1176;Zone 2
SUSTAINABILITY;40;16;1192;Zone 2
EUROPEAN PHYSICAL JOURNAL B;41;15;1207;Zone 2
INTERNATIONAL JOURNAL OF SYSTEMS SCIENCE;42;15;1222;Zone 2
JOURNAL OF THE ACOUSTICAL SOCIETY OF AMERICA;43;15;1237;Zone 2
ADVANCES IN COMPLEX SYSTEMS;44;14;1251;Zone 2
APPLIED SCIENCES-BASEL;45;14;1265;Zone 2
COMPUTERS ENVIRONMENT AND URBAN SYSTEMS;46;14;1279;Zone 2
MATHEMATICAL PROBLEMS IN ENGINEERING;47;14;1293;Zone 2
NONLINEAR DYNAMICS;48;14;1307;Zone 2
PROCEEDINGS OF THE ROYAL SOCIETY B-BIOLOGICAL SCIENCES;49;14;1321;Zone 2
JOURNAL OF APPLIED POLYMER SCIENCE;50;13;1334;Zone 2
SENSORS;51;13;1347;Zone 2
ISIJ INTERNATIONAL;52;12;1359;Zone 2
JOURNAL OF THE ROYAL SOCIETY INTERFACE;53;12;1371;Zone 2
MACROMOLECULES;54;12;1383;Zone 2
SAFETY SCIENCE;55;12;1395;Zone 2
CHAOS;56;11;1406;Zone 2
CHINESE PHYSICS B;57;11;1417;Zone 2
COMMUNICATIONS IN NONLINEAR SCIENCE AND NUMERICAL SIMULATION;58;11;1428;Zone 2
ENGINEERING APPLICATIONS OF ARTIFICIAL INTELLIGENCE;59;11;1439;Zone 2
ENTROPY;60;11;1450;Zone 2
IEEE TRANSACTIONS ON CONTROL OF NETWORK SYSTEMS;61;11;1461;Zone 2
JOURNAL OF PETROLEUM SCIENCE AND ENGINEERING;62;11;1472;Zone 2
ROYAL SOCIETY OPEN SCIENCE;63;11;1483;Zone 2
ARTIFICIAL INTELLIGENCE;64;10;1493;Zone 2
EUROPEAN JOURNAL OF OPERATIONAL RESEARCH;65;10;1503;Zone 2
IEEE ROBOTICS AND AUTOMATION LETTERS;66;10;1513;Zone 2
PHYSICA D-NONLINEAR PHENOMENA;67;10;1523;Zone 2
POLYMER ENGINEERING AND SCIENCE;68;10;1533;Zone 2
TETSU TO HAGANE-JOURNAL OF THE IRON AND STEEL INSTITUTE OF JAPAN;69;10;1543;Zone 2
COGNITIVE SYSTEMS RESEARCH;70;9;1552;Zone 2
ECOLOGY AND SOCIETY;71;9;1561;Zone 2
IEEE CONTROL SYSTEMS LETTERS;72;9;1570;Zone 2
IEEE TRANSACTIONS ON INTELLIGENT TRANSPORTATION SYSTEMS;73;9;1579;Zone 2
INDUSTRIAL & ENGINEERING CHEMISTRY RESEARCH;74;9;1588;Zone 2
JOURNAL OF ENVIRONMENTAL MANAGEMENT;75;9;1597;Zone 2
APPLIED ARTIFICIAL INTELLIGENCE;76;8;1605;Zone 2
ENERGIES;77;8;1613;Zone 2
ENVIRONMENT AND PLANNING B-PLANNING & DESIGN;78;8;1621;Zone 2
INTERNATIONAL JOURNAL OF ADVANCED ROBOTIC SYSTEMS;79;8;1629;Zone 2
JOURNAL OF SIMULATION;80;8;1637;Zone 2
JOURNAL OF SYSTEMS SCIENCE & COMPLEXITY;81;8;1645;Zone 2
MATHEMATICAL MODELS & METHODS IN APPLIED SCIENCES;82;8;1653;Zone 2
SPE JOURNAL;83;8;1661;Zone 2
SYSTEMS & CONTROL LETTERS;84;8;1669;Zone 2
APPLIED MATHEMATICS AND COMPUTATION;85;7;1676;Zone 2
ARTIFICIAL LIFE;86;7;1683;Zone 2
ASIAN JOURNAL OF CONTROL;87;7;1690;Zone 2
BIOLOGICAL CYBERNETICS;88;7;1697;Zone 2
DISCRETE DYNAMICS IN NATURE AND SOCIETY;89;7;1704;Zone 2
IEEE TRANSACTIONS ON CIRCUITS AND SYSTEMS I-REGULAR PAPERS;90;7;1711;Zone 2
IEEE TRANSACTIONS ON SYSTEMS MAN AND CYBERNETICS PART A-SYSTEMS AND HUMANS;91;7;1718;Zone 2
JOURNAL OF COMPUTATIONAL SCIENCE;92;7;1725;Zone 2
JOURNAL OF ECONOMIC PSYCHOLOGY;93;7;1732;Zone 2
KNOWLEDGE-BASED SYSTEMS;94;7;1739;Zone 2
KYBERNETES;95;7;1746;Zone 2
SIAM JOURNAL ON APPLIED MATHEMATICS;96;7;1753;Zone 2
SYMMETRY-BASEL;97;7;1760;Zone 2
ACM TRANSACTIONS ON MODELING AND COMPUTER SIMULATION;98;6;1766;Zone 2
AI COMMUNICATIONS;99;6;1772;Zone 2
ANIMAL BEHAVIOUR;100;6;1778;Zone 2
APPLIED INTELLIGENCE;101;6;1784;Zone 2
CHEMICAL ENGINEERING SCIENCE;102;6;1790;Zone 2
COMPUTATIONAL INTELLIGENCE;103;6;1796;Zone 2
COMPUTER ANIMATION AND VIRTUAL WORLDS;104;6;1802;Zone 2
DECISION SUPPORT SYSTEMS;105;6;1808;Zone 2
ENERGY AND BUILDINGS;106;6;1814;Zone 2
FRONTIERS IN PHYSICS;107;6;1820;Zone 2
IEEE TRANSACTIONS ON INDUSTRIAL ELECTRONICS;108;6;1826;Zone 2
IEEE TRANSACTIONS ON POWER SYSTEMS;109;6;1832;Zone 2
IEEE TRANSACTIONS ON ROBOTICS;110;6;1838;Zone 2
IEEE TRANSACTIONS ON SIGNAL PROCESSING;111;6;1844;Zone 2
INTERNATIONAL JOURNAL OF ADHESION AND ADHESIVES;112;6;1850;Zone 2
INTERNATIONAL JOURNAL OF ENVIRONMENTAL RESEARCH AND PUBLIC HEALTH;113;6;1856;Zone 2
JOURNAL OF CLEANER PRODUCTION;114;6;1862;Zone 2
JOURNAL OF HAZARDOUS MATERIALS;115;6;1868;Zone 2
JOURNAL OF INTELLIGENT & ROBOTIC SYSTEMS;116;6;1874;Zone 2
JOURNAL OF STATISTICAL PHYSICS;117;6;1880;Zone 2
MACROECONOMIC DYNAMICS;118;6;1886;Zone 2
MANAGEMENT SCIENCE;119;6;1892;Zone 2
MATHEMATICAL BIOSCIENCES AND ENGINEERING;120;6;1898;Zone 2
MATHEMATICS;121;6;1904;Zone 2
NEURAL COMPUTATION;122;6;1910;Zone 2
ROBOTICS AND AUTONOMOUS SYSTEMS;123;6;1916;Zone 2
SCIENCE CHINA-INFORMATION SCIENCES;124;6;1922;Zone 2
SIAM JOURNAL ON CONTROL AND OPTIMIZATION;125;6;1928;Zone 2
STATISTICS IN MEDICINE;126;6;1934;Zone 2
TECHNOLOGICAL FORECASTING AND SOCIAL CHANGE;127;6;1940;Zone 2
TRANSACTIONS OF THE INSTITUTE OF MEASUREMENT AND CONTROL;128;6;1946;Zone 2
ADVANCES IN CIVIL ENGINEERING;129;5;1951;Zone 2
AMERICAN JOURNAL OF EPIDEMIOLOGY;130;5;1956;Zone 2
APPLIED ENERGY;131;5;1961;Zone 2
APPLIED SOFT COMPUTING;132;5;1966;Zone 2
BEHAVIORAL ECOLOGY;133;5;1971;Zone 2
BULLETIN OF MATHEMATICAL BIOLOGY;134;5;1976;Zone 2
CHEMOSPHERE;135;5;1981;Zone 2
CLINICAL THERAPEUTICS;136;5;1986;Zone 2
DISCRETE AND CONTINUOUS DYNAMICAL SYSTEMS-SERIES B;137;5;1991;Zone 2
FRONTIERS IN NEUROROBOTICS;138;5;1996;Zone 2
GLOBAL ENVIRONMENTAL CHANGE-HUMAN AND POLICY DIMENSIONS;139;5;2001;Zone 2
IEEE INTERNET OF THINGS JOURNAL;140;5;2006;Zone 2
IEEE TRANSACTIONS ON COMPUTATIONAL SOCIAL SYSTEMS;141;5;2011;Zone 2
IEEE TRANSACTIONS ON CONTROL SYSTEMS TECHNOLOGY;142;5;2016;Zone 2
IEEE TRANSACTIONS ON EVOLUTIONARY COMPUTATION;143;5;2021;Zone 2
IEEE TRANSACTIONS ON NEURAL NETWORKS AND LEARNING SYSTEMS;144;5;2026;Zone 2
INTERNATIONAL JOURNAL OF PRODUCTION RESEARCH;145;5;2031;Zone 2
INTERNATIONAL JOURNAL OF ROBOTICS RESEARCH;146;5;2036;Zone 2
JOURNAL OF APPLIED ECOLOGY;147;5;2041;Zone 2
JOURNAL OF ARCHAEOLOGICAL METHOD AND THEORY;148;5;2046;Zone 2
JOURNAL OF COMPUTATIONAL SOCIAL SCIENCE;149;5;2051;Zone 2
JOURNAL OF ENVIRONMENTAL PSYCHOLOGY;150;5;2056;Zone 2
JOURNAL OF EVOLUTIONARY ECONOMICS;151;5;2061;Zone 2
JOURNAL OF MARKETING RESEARCH;152;5;2066;Zone 2
JOURNAL OF MATERIALS IN CIVIL ENGINEERING;153;5;2071;Zone 2
JOURNAL OF MATHEMATICAL SOCIOLOGY;154;5;2076;Zone 2
LAND USE POLICY;155;5;2081;Zone 2
LANDSCAPE ECOLOGY;156;5;2086;Zone 2
NEURAL NETWORKS;157;5;2091;Zone 2
NEW JOURNAL OF PHYSICS;158;5;2096;Zone 2
OPTICS EXPRESS;159;5;2101;Zone 2
PHILOSOPHICAL TRANSACTIONS OF THE ROYAL SOCIETY B-BIOLOGICAL SCIENCES;160;5;2106;Zone 2
PHYSICS LETTERS A;161;5;2111;Zone 2
POLYMER;162;5;2116;Zone 2
REVUE FRANCAISE DE SOCIOLOGIE;163;5;2121;Zone 2
RISK ANALYSIS;164;5;2126;Zone 2
SOCIAL SCIENCE COMPUTER REVIEW;165;5;2131;Zone 2
TRANSPORTATION RESEARCH PART A-POLICY AND PRACTICE;166;5;2136;Zone 2
ACM TRANSACTIONS ON AUTONOMOUS AND ADAPTIVE SYSTEMS;167;4;2140;Zone 2
ACM TRANSACTIONS ON INTELLIGENT SYSTEMS AND TECHNOLOGY;168;4;2144;Zone 2
ACTA PHYSICA SINICA;169;4;2148;Zone 2
AGRICULTURAL SYSTEMS;170;4;2152;Zone 2
AICHE JOURNAL;171;4;2156;Zone 2
ANNALS OF REGIONAL SCIENCE;172;4;2160;Zone 2
ANNALS OF THE ASSOCIATION OF AMERICAN GEOGRAPHERS;173;4;2164;Zone 2
APPLIED ECONOMICS;174;4;2168;Zone 2
AUTOMATION IN CONSTRUCTION;175;4;2172;Zone 2
BIOLOGICALLY INSPIRED COGNITIVE ARCHITECTURES;176;4;2176;Zone 2
BIOSYSTEMS;177;4;2180;Zone 2
BUILDING AND ENVIRONMENT;178;4;2184;Zone 2
COMPUTERS & INDUSTRIAL ENGINEERING;179;4;2188;Zone 2
ECOLOGICAL INFORMATICS;180;4;2192;Zone 2
ECONOMIC MODELLING;181;4;2196;Zone 2
ECONOMIC THEORY;182;4;2200;Zone 2
ENVIRONMENTAL RESEARCH LETTERS;183;4;2204;Zone 2
EPL;184;4;2208;Zone 2
ERGONOMICS;185;4;2212;Zone 2
FRONTIERS IN HUMAN NEUROSCIENCE;186;4;2216;Zone 2
GAMES AND ECONOMIC BEHAVIOR;187;4;2220;Zone 2
HYDROMETALLURGY;188;4;2224;Zone 2
IEEE SYSTEMS JOURNAL;189;4;2228;Zone 2
IEEE TRANSACTIONS ON AUTOMATION SCIENCE AND ENGINEERING;190;4;2232;Zone 2
IEEE TRANSACTIONS ON COGNITIVE AND DEVELOPMENTAL SYSTEMS;191;4;2236;Zone 2
IEEE TRANSACTIONS ON INDUSTRIAL INFORMATICS;192;4;2240;Zone 2
IEEE TRANSACTIONS ON NETWORK SCIENCE AND ENGINEERING;193;4;2244;Zone 2
IEEE TRANSACTIONS ON SIGNAL AND INFORMATION PROCESSING OVER NETWORKS;194;4;2248;Zone 2
IEEE TRANSACTIONS ON SYSTEMS MAN AND CYBERNETICS PART B-CYBERNETICS;195;4;2252;Zone 2
IET GENERATION TRANSMISSION & DISTRIBUTION;196;4;2256;Zone 2
INTERNATIONAL JOURNAL OF ANTIMICROBIAL AGENTS;197;4;2260;Zone 2
INTERNATIONAL JOURNAL OF HUMAN-COMPUTER STUDIES;198;4;2264;Zone 2
INTERNATIONAL JOURNAL OF INTELLIGENT SYSTEMS;199;4;2268;Zone 2
ISA TRANSACTIONS;200;4;2272;Zone 2
JOURNAL OF CLINICAL MONITORING AND COMPUTING;201;4;2276;Zone 2
JOURNAL OF COMPUTING IN CIVIL ENGINEERING;202;4;2280;Zone 2
JOURNAL OF ECONOMETRICS;203;4;2284;Zone 2
JOURNAL OF EXPERIMENTAL PSYCHOLOGY-GENERAL;204;4;2288;Zone 2
JOURNAL OF MEDICAL INTERNET RESEARCH;205;4;2292;Zone 2
JOURNAL OF SUPERCRITICAL FLUIDS;206;4;2296;Zone 2
JOURNAL OF THE AMERICAN STATISTICAL ASSOCIATION;207;4;2300;Zone 2
JOURNAL OF THE ELECTROCHEMICAL SOCIETY;208;4;2304;Zone 2
KINETIC AND RELATED MODELS;209;4;2308;Zone 2
MATHEMATICS AND COMPUTERS IN SIMULATION;210;4;2312;Zone 2
MIS QUARTERLY;211;4;2316;Zone 2
NATURE COMMUNICATIONS;212;4;2320;Zone 2
NEURAL COMPUTING & APPLICATIONS;213;4;2324;Zone 2
NEUROIMAGE;214;4;2328;Zone 2
PEERJ;215;4;2332;Zone 3
PHYSICS IN MEDICINE AND BIOLOGY;216;4;2336;Zone 3
POLYMERS;217;4;2340;Zone 3
PROCEEDINGS OF THE IEEE;218;4;2344;Zone 3
QUANTITATIVE FINANCE;219;4;2348;Zone 3
SECULARISM & NONRELIGION;220;4;2352;Zone 3
SENSORS AND ACTUATORS B-CHEMICAL;221;4;2356;Zone 3
SOCIAL NETWORKS;222;4;2360;Zone 3
SYNTHESE;223;4;2364;Zone 3
TRANSPORTATION LETTERS-THE INTERNATIONAL JOURNAL OF TRANSPORTATION RESEARCH;224;4;2368;Zone 3
TRANSPORTATION RESEARCH RECORD;225;4;2372;Zone 3
TRANSPORTMETRICA B-TRANSPORT DYNAMICS;226;4;2376;Zone 3
ULTRASOUND IN MEDICINE AND BIOLOGY;227;4;2380;Zone 3
WATER;228;4;2384;Zone 3
ACCIDENT ANALYSIS AND PREVENTION;229;3;2387;Zone 3
ADVANCED ROBOTICS;230;3;2390;Zone 3
AEROSPACE SCIENCE AND TECHNOLOGY;231;3;2393;Zone 3
AMERICAN JOURNAL OF DENTISTRY;232;3;2396;Zone 3
AMERICAN JOURNAL OF SOCIOLOGY;233;3;2399;Zone 3
AMERICAN NATURALIST;234;3;2402;Zone 3
ANALYTICA CHIMICA ACTA;235;3;2405;Zone 3
ANNALS OF PHARMACOTHERAPY;236;3;2408;Zone 3
ANTIMICROBIAL AGENTS AND CHEMOTHERAPY;237;3;2411;Zone 3
APPLIED OPTICS;238;3;2414;Zone 3
ARTIFICIAL INTELLIGENCE REVIEW;239;3;2417;Zone 3
ATMOSPHERIC CHEMISTRY AND PHYSICS;240;3;2420;Zone 3
BIOMECHANICS AND MODELING IN MECHANOBIOLOGY;241;3;2423;Zone 3
BMC INFECTIOUS DISEASES;242;3;2426;Zone 3
BMC MEDICAL RESEARCH METHODOLOGY;243;3;2429;Zone 3
BRAIN RESEARCH;244;3;2432;Zone 3
BRITISH JOURNAL OF SOCIAL PSYCHOLOGY;245;3;2435;Zone 3
CEMENT & CONCRETE COMPOSITES;246;3;2438;Zone 3
CERAMICS INTERNATIONAL;247;3;2441;Zone 3
CHEMICAL JOURNAL OF CHINESE UNIVERSITIES-CHINESE;248;3;2444;Zone 3
CHINESE JOURNAL OF AERONAUTICS;249;3;2447;Zone 3
CHINESE JOURNAL OF CHEMICAL ENGINEERING;250;3;2450;Zone 3
CHINESE JOURNAL OF PHYSICS;251;3;2453;Zone 3
CLINICAL TRIALS;252;3;2456;Zone 3
COGNITION;253;3;2459;Zone 3
COGNITIVE COMPUTATION;254;3;2462;Zone 3
COMBUSTION AND FLAME;255;3;2465;Zone 3
COMPOSITES PART B-ENGINEERING;256;3;2468;Zone 3
COMPUTER COMMUNICATIONS;257;3;2471;Zone 3
COMPUTERS & CHEMICAL ENGINEERING;258;3;2474;Zone 3
COMPUTERS & EDUCATION;259;3;2477;Zone 3
COMPUTERS & MATHEMATICS WITH APPLICATIONS;260;3;2480;Zone 3
CONCURRENCY AND COMPUTATION-PRACTICE & EXPERIENCE;261;3;2483;Zone 3
CONNECTION SCIENCE;262;3;2486;Zone 3
CONTROL ENGINEERING PRACTICE;263;3;2489;Zone 3
DALTON TRANSACTIONS;264;3;2492;Zone 3
DEMOGRAPHIC RESEARCH;265;3;2495;Zone 3
DRUG AND CHEMICAL TOXICOLOGY;266;3;2498;Zone 3
ECOLOGICAL ECONOMICS;267;3;2501;Zone 3
ECONOMIC COMPUTATION AND ECONOMIC CYBERNETICS STUDIES AND RESEARCH;268;3;2504;Zone 3
ECOSPHERE;269;3;2507;Zone 3
ELECTRICAL ENGINEERING IN JAPAN;270;3;2510;Zone 3
ELECTROPHORESIS;271;3;2513;Zone 3
ENERGY & FUELS;272;3;2516;Zone 3
ENERGY ECONOMICS;273;3;2519;Zone 3
ENERGY POLICY;274;3;2522;Zone 3
ENVIRONMENT AND PLANNING B-URBAN ANALYTICS AND CITY SCIENCE;275;3;2525;Zone 3
EPIDEMICS;276;3;2528;Zone 3
EXPERT SYSTEMS;277;3;2531;Zone 3
FIRE AND MATERIALS;278;3;2534;Zone 3
FIRE TECHNOLOGY;279;3;2537;Zone 3
FRONTIERS IN NEUROSCIENCE;280;3;2540;Zone 3
FRONTIERS IN ROBOTICS AND AI;281;3;2543;Zone 3
FUEL;282;3;2546;Zone 3
FUNCTIONAL ECOLOGY;283;3;2549;Zone 3
GAMES;284;3;2552;Zone 3
GROUP DECISION AND NEGOTIATION;285;3;2555;Zone 3
HEALTH TECHNOLOGY ASSESSMENT;286;3;2558;Zone 3
HUMAN FACTORS;287;3;2561;Zone 3
IEEE TRANSACTIONS ON AFFECTIVE COMPUTING;288;3;2564;Zone 3
IEEE TRANSACTIONS ON AUTONOMOUS MENTAL DEVELOPMENT;289;3;2567;Zone 3
IEEE TRANSACTIONS ON CIRCUITS AND SYSTEMS II-EXPRESS BRIEFS;290;3;2570;Zone 3
IEEE TRANSACTIONS ON COMPUTATIONAL INTELLIGENCE AND AI IN GAMES;291;3;2573;Zone 3
IEEE TRANSACTIONS ON KNOWLEDGE AND DATA ENGINEERING;292;3;2576;Zone 3
IEEE TRANSACTIONS ON SMART GRID;293;3;2579;Zone 3
IEEE TRANSACTIONS ON ULTRASONICS FERROELECTRICS AND FREQUENCY CONTROL;294;3;2582;Zone 3
IEEE TRANSACTIONS ON VEHICULAR TECHNOLOGY;295;3;2585;Zone 3
IEEE TRANSACTIONS ON VISUALIZATION AND COMPUTER GRAPHICS;296;3;2588;Zone 3
IEICE TRANSACTIONS ON INFORMATION AND SYSTEMS;297;3;2591;Zone 3
INFORMATION AND SOFTWARE TECHNOLOGY;298;3;2594;Zone 3
INFORMATION FUSION;299;3;2597;Zone 3
INTERNATIONAL JOURNAL OF BIFURCATION AND CHAOS;300;3;2600;Zone 3
INTERNATIONAL JOURNAL OF CLINICAL PHARMACOLOGY AND THERAPEUTICS;301;3;2603;Zone 3
INTERNATIONAL JOURNAL OF DISASTER RISK REDUCTION;302;3;2606;Zone 3
INTERNATIONAL JOURNAL OF ELECTRICAL POWER & ENERGY SYSTEMS;303;3;2609;Zone 3
INTERNATIONAL JOURNAL OF ENGINEERING;304;3;2612;Zone 3
INTERNATIONAL JOURNAL OF INFORMATION TECHNOLOGY & DECISION MAKING;305;3;2615;Zone 3
INTERNATIONAL JOURNAL OF MOLECULAR SCIENCES;306;3;2618;Zone 3
INTERNATIONAL JOURNAL OF OPERATIONS & PRODUCTION MANAGEMENT;307;3;2621;Zone 3
INVESTIGATIVE RADIOLOGY;308;3;2624;Zone 3
ISPRS INTERNATIONAL JOURNAL OF GEO-INFORMATION;309;3;2627;Zone 3
JOURNAL OF ANTHROPOLOGICAL ARCHAEOLOGY;310;3;2630;Zone 3
JOURNAL OF CHEMICAL TECHNOLOGY AND BIOTECHNOLOGY;311;3;2633;Zone 3
JOURNAL OF CONSTRUCTION ENGINEERING AND MANAGEMENT;312;3;2636;Zone 3
JOURNAL OF DYNAMIC SYSTEMS MEASUREMENT AND CONTROL-TRANSACTIONS OF THE ASME;313;3;2639;Zone 3
JOURNAL OF ECONOMIC THEORY;314;3;2642;Zone 3
JOURNAL OF FLUID MECHANICS;315;3;2645;Zone 3
JOURNAL OF HYDROINFORMATICS;316;3;2648;Zone 3
JOURNAL OF INTELLIGENT MANUFACTURING;317;3;2651;Zone 3
JOURNAL OF MACHINE LEARNING RESEARCH;318;3;2654;Zone 3
JOURNAL OF MATHEMATICAL BIOLOGY;319;3;2657;Zone 3
JOURNAL OF MEDICAL AND BIOLOGICAL ENGINEERING;320;3;2660;Zone 3
JOURNAL OF PHYSICAL CHEMISTRY A;321;3;2663;Zone 3
JOURNAL OF POLYMER SCIENCE PART A-POLYMER CHEMISTRY;322;3;2666;Zone 3
JOURNAL OF PRODUCT INNOVATION MANAGEMENT;323;3;2669;Zone 3
JOURNAL OF PUBLIC ADMINISTRATION RESEARCH AND THEORY;324;3;2672;Zone 3
JOURNAL OF THE MECHANICS AND PHYSICS OF SOLIDS;325;3;2675;Zone 3
JOURNAL OF THE OPERATIONAL RESEARCH SOCIETY;326;3;2678;Zone 3
JOURNAL OF THERMAL ANALYSIS AND CALORIMETRY;327;3;2681;Zone 3
LEADERSHIP QUARTERLY;328;3;2684;Zone 3
MACROMOLECULAR THEORY AND SIMULATIONS;329;3;2687;Zone 3
MATERIALS SCIENCE AND ENGINEERING A-STRUCTURAL MATERIALS PROPERTIES MICROSTRUCTURE AND PROCESSING;330;3;2690;Zone 3
MATHEMATICAL BIOSCIENCES;331;3;2693;Zone 3
MEDICAL HYPOTHESES;332;3;2696;Zone 3
MEDICINAL CHEMISTRY RESEARCH;333;3;2699;Zone 3
METHODSX;334;3;2702;Zone 3
MULTIMEDIA TOOLS AND APPLICATIONS;335;3;2705;Zone 3
NATURE;336;3;2708;Zone 3
NEUROSCIENCE;337;3;2711;Zone 3
NONLINEAR DYNAMICS PSYCHOLOGY AND LIFE SCIENCES;338;3;2714;Zone 3
OECOLOGIA;339;3;2717;Zone 3
OPTICAL ENGINEERING;340;3;2720;Zone 3
PEDIATRIC ANESTHESIA;341;3;2723;Zone 3
PHENOMENOLOGY AND THE COGNITIVE SCIENCES;342;3;2726;Zone 3
PHYSICAL CHEMISTRY CHEMICAL PHYSICS;343;3;2729;Zone 3
PHYSIOLOGY & BEHAVIOR;344;3;2732;Zone 3
POLYMER DEGRADATION AND STABILITY;345;3;2735;Zone 3
POLYMER INTERNATIONAL;346;3;2738;Zone 3
POLYMER TESTING;347;3;2741;Zone 3
POPULATION STUDIES-A JOURNAL OF DEMOGRAPHY;348;3;2744;Zone 3
PROCEEDINGS OF THE ROYAL SOCIETY A-MATHEMATICAL PHYSICAL AND ENGINEERING SCIENCES;349;3;2747;Zone 3
PROCESSES;350;3;2750;Zone 3
RELIGION BRAIN & BEHAVIOR;351;3;2753;Zone 3
SCIENCE CHINA-TECHNOLOGICAL SCIENCES;352;3;2756;Zone 3
SCIENTOMETRICS;353;3;2759;Zone 3
SIAM JOURNAL ON APPLIED DYNAMICAL SYSTEMS;354;3;2762;Zone 3
SOFT MATTER;355;3;2765;Zone 3
SYSTEMS RESEARCH AND BEHAVIORAL SCIENCE;356;3;2768;Zone 3
TALANTA;357;3;2771;Zone 3
TOPICS IN COGNITIVE SCIENCE;358;3;2774;Zone 3
TRANSACTIONS IN GIS;359;3;2777;Zone 3
TRANSPLANTATION;360;3;2780;Zone 3
TRIALS;361;3;2783;Zone 3
TUNNELLING AND UNDERGROUND SPACE TECHNOLOGY;362;3;2786;Zone 3
WATER RESOURCES MANAGEMENT;363;3;2789;Zone 3
WATER RESOURCES RESEARCH;364;3;2792;Zone 3
ACS APPLIED MATERIALS & INTERFACES;365;2;2794;Zone 3
ACS NANO;366;2;2796;Zone 3
ACS OMEGA;367;2;2798;Zone 3
ACTA ANAESTHESIOLOGICA SCANDINAVICA;368;2;2800;Zone 3
ACTIVITES-REVUE ELECTRONIQUE;369;2;2802;Zone 3
ADVANCED ENGINEERING INFORMATICS;370;2;2804;Zone 3
AI EDAM-ARTIFICIAL INTELLIGENCE FOR ENGINEERING DESIGN ANALYSIS AND MANUFACTURING;371;2;2806;Zone 3
AIP ADVANCES;372;2;2808;Zone 3
AMERICAN HEART JOURNAL;373;2;2810;Zone 3
AMERICAN JOURNAL OF COMMUNITY PSYCHOLOGY;374;2;2812;Zone 3
AMERICAN JOURNAL OF KIDNEY DISEASES;375;2;2814;Zone 3
AMERICAN JOURNAL OF PREVENTIVE MEDICINE;376;2;2816;Zone 3
AMERICAN JOURNAL OF PUBLIC HEALTH;377;2;2818;Zone 3
ANALYTICAL CHEMISTRY;378;2;2820;Zone 3
ANESTHESIOLOGY;379;2;2822;Zone 3
ANNALS OF MATHEMATICS AND ARTIFICIAL INTELLIGENCE;380;2;2824;Zone 3
ANNALS OF OPERATIONS RESEARCH;381;2;2826;Zone 3
APPLIED ANIMAL BEHAVIOUR SCIENCE;382;2;2828;Zone 3
APPLIED MATHEMATICAL MODELLING;383;2;2830;Zone 3
APPLIED SPATIAL ANALYSIS AND POLICY;384;2;2832;Zone 3
ARABIAN JOURNAL OF GEOSCIENCES;385;2;2834;Zone 3
ARTIFICIAL INTELLIGENCE IN MEDICINE;386;2;2836;Zone 3
AUTONOMOUS ROBOTS;387;2;2838;Zone 3
AVIAN DISEASES;388;2;2840;Zone 3
AVIAN PATHOLOGY;389;2;2842;Zone 3
AVIATION SPACE AND ENVIRONMENTAL MEDICINE;390;2;2844;Zone 3
BIOINFORMATICS;391;2;2846;Zone 3
BIOLOGY OF BLOOD AND MARROW TRANSPLANTATION;392;2;2848;Zone 3
BIOMASS & BIOENERGY;393;2;2850;Zone 3
BIOMATERIALS;394;2;2852;Zone 3
BIOMEDICAL ENGINEERING ONLINE;395;2;2854;Zone 3
BIOORGANIC & MEDICINAL CHEMISTRY;396;2;2856;Zone 3
BIOPHARMACEUTICS & DRUG DISPOSITION;397;2;2858;Zone 3
BIZNES INFORMATIKA-BUSINESS INFORMATICS;398;2;2860;Zone 3
BMC BIOINFORMATICS;399;2;2862;Zone 3
BMC BIOLOGY;400;2;2864;Zone 3
BMC CANCER;401;2;2866;Zone 3
BMC PUBLIC HEALTH;402;2;2868;Zone 3
BRAZILIAN JOURNAL OF PHYSICS;403;2;2870;Zone 3
BRIEFINGS IN BIOINFORMATICS;404;2;2872;Zone 3
BRITISH JOURNAL OF PHARMACOLOGY;405;2;2874;Zone 3
CANADIAN JOURNAL OF AGRICULTURAL ECONOMICS-REVUE CANADIENNE D AGROECONOMIE;406;2;2876;Zone 3
CANCER;407;2;2878;Zone 3
CANCER RESEARCH;408;2;2880;Zone 3
CHEMICAL ENGINEERING JOURNAL;409;2;2882;Zone 3
CHEMICAL ENGINEERING RESEARCH & DESIGN;410;2;2884;Zone 3
CHEST;411;2;2886;Zone 3
CHINESE JOURNAL OF MECHANICAL ENGINEERING;412;2;2888;Zone 3
CHINESE PHYSICS LETTERS;413;2;2890;Zone 3
CIRCULATION;414;2;2892;Zone 3
CLINICAL CANCER RESEARCH;415;2;2894;Zone 3
CMES-COMPUTER MODELING IN ENGINEERING & SCIENCES;416;2;2896;Zone 3
COMMUNICATIONS IN MATHEMATICAL SCIENCES;417;2;2898;Zone 3
COMPOSITE STRUCTURES;418;2;2900;Zone 3
COMPUTATIONAL STATISTICS & DATA ANALYSIS;419;2;2902;Zone 3
COMPUTER JOURNAL;420;2;2904;Zone 3
COMPUTERS & GRAPHICS-UK;421;2;2906;Zone 3
COMPUTERS IN BIOLOGY AND MEDICINE;422;2;2908;Zone 3
COMPUTERS IN HUMAN BEHAVIOR;423;2;2910;Zone 3
COMPUTING AND INFORMATICS;424;2;2912;Zone 3
CONSCIOUSNESS AND COGNITION;425;2;2914;Zone 3
CONTEMPORARY CLINICAL TRIALS;426;2;2916;Zone 3
CRITICAL CARE MEDICINE;427;2;2918;Zone 3
DATA MINING AND KNOWLEDGE DISCOVERY;428;2;2920;Zone 3
DECISION SCIENCES;429;2;2922;Zone 3
DENTAL MATERIALS;430;2;2924;Zone 3
DESALINATION AND WATER TREATMENT;431;2;2926;Zone 3
DYNA;432;2;2928;Zone 3
E & M EKONOMIE A MANAGEMENT;433;2;2930;Zone 3
E-POLYMERS;434;2;2932;Zone 3
ECOLOGICAL APPLICATIONS;435;2;2934;Zone 3
ECOLOGICAL COMPLEXITY;436;2;2936;Zone 3
ECOLOGY;437;2;2938;Zone 3
ECOLOGY AND EVOLUTION;438;2;2940;Zone 3
ECONOMETRICA;439;2;2942;Zone 3
ECONOMIC AND SOCIAL CHANGES-FACTS TRENDS FORECAST;440;2;2944;Zone 3
ECONOMICS-THE OPEN ACCESS OPEN-ASSESSMENT E-JOURNAL;441;2;2946;Zone 3
EDUCATIONAL TECHNOLOGY & SOCIETY;442;2;2948;Zone 3
EKONOMICKY CASOPIS;443;2;2950;Zone 3
ELECTRIC POWER SYSTEMS RESEARCH;444;2;2952;Zone 3
ENERGY JOURNAL;445;2;2954;Zone 3
ENGINEERING CONSTRUCTION AND ARCHITECTURAL MANAGEMENT;446;2;2956;Zone 3
ENGINEERING STRUCTURES;447;2;2958;Zone 3
ENVIRONMENTAL & RESOURCE ECONOMICS;448;2;2960;Zone 3
ENVIRONMENTAL ENTOMOLOGY;449;2;2962;Zone 3
ENVIRONMENTAL SCIENCE & POLICY;450;2;2964;Zone 3
EUROPEAN JOURNAL OF ANAESTHESIOLOGY;451;2;2966;Zone 3
EUROPEAN JOURNAL OF APPLIED MATHEMATICS;452;2;2968;Zone 3
EUROPEAN JOURNAL OF CLINICAL PHARMACOLOGY;453;2;2970;Zone 3
EUROPEAN JOURNAL OF CONTROL;454;2;2972;Zone 3
EUROPEAN JOURNAL OF LIPID SCIENCE AND TECHNOLOGY;455;2;2974;Zone 3
EUROPEAN JOURNAL OF MEDICINAL CHEMISTRY;456;2;2976;Zone 3
EUROPEAN JOURNAL OF POPULATION-REVUE EUROPEENNE DE DEMOGRAPHIE;457;2;2978;Zone 3
EUROPHYSICS LETTERS;458;2;2980;Zone 3
EVOLUTIONARY ECOLOGY;459;2;2982;Zone 3
EVOLUTIONARY ECOLOGY RESEARCH;460;2;2984;Zone 3
EXPERIMENTAL ECONOMICS;461;2;2986;Zone 3
FLUID PHASE EQUILIBRIA;462;2;2988;Zone 3
FORESTS;463;2;2990;Zone 3
FRONTIERS IN COMPUTATIONAL NEUROSCIENCE;464;2;2992;Zone 3
FRONTIERS IN ECOLOGY AND EVOLUTION;465;2;2994;Zone 3
FRONTIERS IN MARINE SCIENCE;466;2;2996;Zone 3
FRONTIERS IN VETERINARY SCIENCE;467;2;2998;Zone 3
FUEL PROCESSING TECHNOLOGY;468;2;3000;Zone 3
GEOINFORMATICA;469;2;3002;Zone 3
GEOSPATIAL HEALTH;470;2;3004;Zone 3
GEOTECHNICAL AND GEOLOGICAL ENGINEERING;471;2;3006;Zone 3
HEALTH & PLACE;472;2;3008;Zone 3
HEALTH CARE MANAGEMENT SCIENCE;473;2;3010;Zone 3
HEALTH EDUCATION & BEHAVIOR;474;2;3012;Zone 3
HEAT AND MASS TRANSFER;475;2;3014;Zone 3
HELIYON;476;2;3016;Zone 3
HUMAN & EXPERIMENTAL TOXICOLOGY;477;2;3018;Zone 3
HUMAN-COMPUTER INTERACTION;478;2;3020;Zone 3
IEEE INTELLIGENT TRANSPORTATION SYSTEMS MAGAZINE;479;2;3022;Zone 3
IEEE JOURNAL OF BIOMEDICAL AND HEALTH INFORMATICS;480;2;3024;Zone 3
IEEE LATIN AMERICA TRANSACTIONS;481;2;3026;Zone 3
IEEE TRANSACTIONS ON AEROSPACE AND ELECTRONIC SYSTEMS;482;2;3028;Zone 3
IEEE TRANSACTIONS ON EDUCATION;483;2;3030;Zone 3
IEEE TRANSACTIONS ON FUZZY SYSTEMS;484;2;3032;Zone 3
IEEE TRANSACTIONS ON POWER ELECTRONICS;485;2;3034;Zone 3
IEEE TRANSACTIONS ON WIRELESS COMMUNICATIONS;486;2;3036;Zone 3
IEEE-ASME TRANSACTIONS ON MECHATRONICS;487;2;3038;Zone 3
IEEE-CAA JOURNAL OF AUTOMATICA SINICA;488;2;3040;Zone 3
IET SMART GRID;489;2;3042;Zone 3
IIE TRANSACTIONS;490;2;3044;Zone 3
INDUSTRIAL MANAGEMENT & DATA SYSTEMS;491;2;3046;Zone 3
INFORMATION TECHNOLOGY & MANAGEMENT;492;2;3048;Zone 3
INGENIERIA SOLIDARIA;493;2;3050;Zone 3
INTERACTING WITH COMPUTERS;494;2;3052;Zone 3
INTERACTION STUDIES;495;2;3054;Zone 3
INTERFACE FOCUS;496;2;3056;Zone 3
INTERNATIONAL ARAB JOURNAL OF INFORMATION TECHNOLOGY;497;2;3058;Zone 3
INTERNATIONAL JOURNAL FOR PARASITOLOGY;498;2;3060;Zone 3
INTERNATIONAL JOURNAL OF APPROXIMATE REASONING;499;2;3062;Zone 3
INTERNATIONAL JOURNAL OF BIO-INSPIRED COMPUTATION;500;2;3064;Zone 3
INTERNATIONAL JOURNAL OF COMPUTER SCIENCE AND NETWORK SECURITY;501;2;3066;Zone 3
INTERNATIONAL JOURNAL OF COOPERATIVE INFORMATION SYSTEMS;502;2;3068;Zone 3
INTERNATIONAL JOURNAL OF DAMAGE MECHANICS;503;2;3070;Zone 3
INTERNATIONAL JOURNAL OF DISTRIBUTED SENSOR NETWORKS;504;2;3072;Zone 3
INTERNATIONAL JOURNAL OF ENERGY RESEARCH;505;2;3074;Zone 3
INTERNATIONAL JOURNAL OF GENERAL SYSTEMS;506;2;3076;Zone 3
INTERNATIONAL JOURNAL OF GEOGRAPHICAL INFORMATION SCIENCE;507;2;3078;Zone 3
INTERNATIONAL JOURNAL OF HEALTH GEOGRAPHICS;508;2;3080;Zone 3
INTERNATIONAL JOURNAL OF HEAT AND MASS TRANSFER;509;2;3082;Zone 3
INTERNATIONAL JOURNAL OF IMPACT ENGINEERING;510;2;3084;Zone 3
INTERNATIONAL JOURNAL OF INFECTIOUS DISEASES;511;2;3086;Zone 3
INTERNATIONAL JOURNAL OF INNOVATIVE COMPUTING INFORMATION AND CONTROL;512;2;3088;Zone 3
INTERNATIONAL JOURNAL OF PARALLEL PROGRAMMING;513;2;3090;Zone 3
INTERNATIONAL JOURNAL OF PRODUCTION ECONOMICS;514;2;3092;Zone 3
INTERNATIONAL JOURNAL OF RESEARCH IN MARKETING;515;2;3094;Zone 3
INTERNATIONAL JOURNAL OF SIMULATION MODELLING;516;2;3096;Zone 3
INTERNATIONAL JOURNAL ON ARTIFICIAL INTELLIGENCE TOOLS;517;2;3098;Zone 3
INTERNATIONAL POLYMER PROCESSING;518;2;3100;Zone 3
INTERNATIONAL REVIEW OF FINANCIAL ANALYSIS;519;2;3102;Zone 3
INTERNET RESEARCH;520;2;3104;Zone 3
JOURNAL FOR THE THEORY OF SOCIAL BEHAVIOUR;521;2;3106;Zone 3
JOURNAL OF ADVANCED CONCRETE TECHNOLOGY;522;2;3108;Zone 3
JOURNAL OF AGRICULTURAL BIOLOGICAL AND ENVIRONMENTAL STATISTICS;523;2;3110;Zone 3
JOURNAL OF ANIMAL ECOLOGY;524;2;3112;Zone 3
JOURNAL OF BANKING & FINANCE;525;2;3114;Zone 3
JOURNAL OF BEHAVIORAL AND EXPERIMENTAL ECONOMICS;526;2;3116;Zone 3
JOURNAL OF BIOMECHANICAL ENGINEERING-TRANSACTIONS OF THE ASME;527;2;3118;Zone 3
JOURNAL OF BIOMECHANICS;528;2;3120;Zone 3
JOURNAL OF BIOMEDICAL INFORMATICS;529;2;3122;Zone 3
JOURNAL OF BIOMEDICAL OPTICS;530;2;3124;Zone 3
JOURNAL OF BUILDING ENGINEERING;531;2;3126;Zone 3
JOURNAL OF BUILDING PERFORMANCE SIMULATION;532;2;3128;Zone 3
JOURNAL OF BUSINESS & ECONOMIC STATISTICS;533;2;3130;Zone 3
JOURNAL OF CARDIOVASCULAR PHARMACOLOGY;534;2;3132;Zone 3
JOURNAL OF CHROMATOGRAPHY A;535;2;3134;Zone 3
JOURNAL OF CLINICAL EPIDEMIOLOGY;536;2;3136;Zone 3
JOURNAL OF CLINICAL ONCOLOGY;537;2;3138;Zone 3
JOURNAL OF COASTAL RESEARCH;538;2;3140;Zone 3
JOURNAL OF COGNITIVE NEUROSCIENCE;539;2;3142;Zone 3
JOURNAL OF COLLOID AND INTERFACE SCIENCE;540;2;3144;Zone 3
JOURNAL OF COMMUNICATION;541;2;3146;Zone 3
JOURNAL OF CONFLICT RESOLUTION;542;2;3148;Zone 3
JOURNAL OF CONTAMINANT HYDROLOGY;543;2;3150;Zone 3
JOURNAL OF CRANIOFACIAL SURGERY;544;2;3152;Zone 3
JOURNAL OF CRYSTAL GROWTH;545;2;3154;Zone 3
JOURNAL OF EPIDEMIOLOGY AND COMMUNITY HEALTH;546;2;3156;Zone 3
JOURNAL OF EXPERIMENTAL BIOLOGY;547;2;3158;Zone 3
JOURNAL OF FIRE SCIENCES;548;2;3160;Zone 3
JOURNAL OF FOOD ENGINEERING;549;2;3162;Zone 3
JOURNAL OF HOUSING AND THE BUILT ENVIRONMENT;550;2;3164;Zone 3
JOURNAL OF HUMAN EVOLUTION;551;2;3166;Zone 3
JOURNAL OF INFORMATION SCIENCE AND ENGINEERING;552;2;3168;Zone 3
JOURNAL OF INTELLIGENT & FUZZY SYSTEMS;553;2;3170;Zone 3
JOURNAL OF INTERNATIONAL MONEY AND FINANCE;554;2;3172;Zone 3
JOURNAL OF INVERTEBRATE PATHOLOGY;555;2;3174;Zone 3
JOURNAL OF MACROECONOMICS;556;2;3176;Zone 3
JOURNAL OF MATERIALS SCIENCE;557;2;3178;Zone 3
JOURNAL OF MATHEMATICAL CHEMISTRY;558;2;3180;Zone 3
JOURNAL OF MATHEMATICAL PSYCHOLOGY;559;2;3182;Zone 3
JOURNAL OF MECHANICAL DESIGN;560;2;3184;Zone 3
JOURNAL OF MEDICAL IMAGING;561;2;3186;Zone 3
JOURNAL OF MEMBRANE SCIENCE;562;2;3188;Zone 3
JOURNAL OF MODERN POWER SYSTEMS AND CLEAN ENERGY;563;2;3190;Zone 3
JOURNAL OF MOLECULAR LIQUIDS;564;2;3192;Zone 3
JOURNAL OF NATURAL GAS SCIENCE AND ENGINEERING;565;2;3194;Zone 3
JOURNAL OF NEUROPHYSIOLOGY;566;2;3196;Zone 3
JOURNAL OF OPERATIONS MANAGEMENT;567;2;3198;Zone 3
JOURNAL OF ORTHOPAEDIC RESEARCH;568;2;3200;Zone 3
JOURNAL OF PAIN;569;2;3202;Zone 3
JOURNAL OF PARALLEL AND DISTRIBUTED COMPUTING;570;2;3204;Zone 3
JOURNAL OF PERSONALITY AND SOCIAL PSYCHOLOGY;571;2;3206;Zone 3
JOURNAL OF PHARMACOLOGY AND EXPERIMENTAL THERAPEUTICS;572;2;3208;Zone 3
JOURNAL OF PHYSICAL CHEMISTRY B;573;2;3210;Zone 3
JOURNAL OF PHYSICS A-MATHEMATICAL AND THEORETICAL;574;2;3212;Zone 3
JOURNAL OF PHYSIOLOGY-LONDON;575;2;3214;Zone 3
JOURNAL OF POLYMER SCIENCE PART B-POLYMER PHYSICS;576;2;3216;Zone 3
JOURNAL OF PROSTHETIC DENTISTRY;577;2;3218;Zone 3
JOURNAL OF RISK AND INSURANCE;578;2;3220;Zone 3
JOURNAL OF SURGICAL ONCOLOGY;579;2;3222;Zone 3
JOURNAL OF SURGICAL RESEARCH;580;2;3224;Zone 3
JOURNAL OF SYSTEMS SCIENCE AND SYSTEMS ENGINEERING;581;2;3226;Zone 3
JOURNAL OF THE BRAZILIAN SOCIETY OF MECHANICAL SCIENCES AND ENGINEERING;582;2;3228;Zone 3
JOURNAL OF THE KOREAN PHYSICAL SOCIETY;583;2;3230;Zone 3
JOURNAL OF TRANSPORT GEOGRAPHY;584;2;3232;Zone 3
JOURNAL OF UNIVERSAL COMPUTER SCIENCE;585;2;3234;Zone 3
JOURNAL OF URBAN PLANNING AND DEVELOPMENT;586;2;3236;Zone 3
JOURNAL OF UROLOGY;587;2;3238;Zone 3
JOURNAL OF VETERINARY MEDICINE SERIES B-INFECTIOUS DISEASES AND VETERINARY PUBLIC HEALTH;588;2;3240;Zone 3
JOURNAL OF VINYL & ADDITIVE TECHNOLOGY;589;2;3242;Zone 3
JOURNAL ON MULTIMODAL USER INTERFACES;590;2;3244;Zone 3
KSCE JOURNAL OF CIVIL ENGINEERING;591;2;3246;Zone 3
KSII TRANSACTIONS ON INTERNET AND INFORMATION SYSTEMS;592;2;3248;Zone 3
KYBERNETIKA;593;2;3250;Zone 3
LANDSCAPE AND URBAN PLANNING;594;2;3252;Zone 3
LANGUAGE DYNAMICS AND CHANGE;595;2;3254;Zone 3
LIPIDS;596;2;3256;Zone 3
MALARIA JOURNAL;597;2;3258;Zone 3
MANAGEMENT DECISION;598;2;3260;Zone 3
MARINE ECOLOGY PROGRESS SERIES;599;2;3262;Zone 3
MARKETING SCIENCE;600;2;3264;Zone 3
MATERIALS & DESIGN;601;2;3266;Zone 3
MATHEMATICAL AND COMPUTER MODELLING OF DYNAMICAL SYSTEMS;602;2;3268;Zone 3
MEDICAL PHYSICS;603;2;3270;Zone 3
METALLURGICAL RESEARCH & TECHNOLOGY;604;2;3272;Zone 3
MICROCHEMICAL JOURNAL;605;2;3274;Zone 3
MICROCIRCULATION;606;2;3276;Zone 3
MILITARY MEDICINE;607;2;3278;Zone 3
MODERN PHYSICS LETTERS B;608;2;3280;Zone 3
NETWORKS & SPATIAL ECONOMICS;609;2;3282;Zone 3
NEUROSURGERY;610;2;3284;Zone 3
NEW GENERATION COMPUTING;611;2;3286;Zone 3
NONLINEAR ANALYSIS-HYBRID SYSTEMS;612;2;3288;Zone 3
NONLINEAR ANALYSIS-REAL WORLD APPLICATIONS;613;2;3290;Zone 3
NORTH AMERICAN JOURNAL OF ECONOMICS AND FINANCE;614;2;3292;Zone 3
NUCLEAR MEDICINE AND BIOLOGY;615;2;3294;Zone 3
OECONOMIA-HISTORY METHODOLOGY PHILOSOPHY;616;2;3296;Zone 3
ONCOLOGIST;617;2;3298;Zone 3
OPERATIONS RESEARCH;618;2;3300;Zone 3
ORGANIZATION SCIENCE;619;2;3302;Zone 3
ORGANIZATIONAL BEHAVIOR AND HUMAN DECISION PROCESSES;620;2;3304;Zone 3
PAIN;621;2;3306;Zone 3
PAKISTAN JOURNAL OF PHARMACEUTICAL SCIENCES;622;2;3308;Zone 3
PERCEPTUAL AND MOTOR SKILLS;623;2;3310;Zone 3
PHARMACEUTICAL STATISTICS;624;2;3312;Zone 3
PHARMACOLOGICAL RESEARCH;625;2;3314;Zone 3
PHARMACOLOGY BIOCHEMISTRY AND BEHAVIOR;626;2;3316;Zone 3
PHYSICA A;627;2;3318;Zone 3
PHYSICAL BIOLOGY;628;2;3320;Zone 3
PHYSICAL REVIEW LETTERS;629;2;3322;Zone 3
PHYSICS OF FLUIDS;630;2;3324;Zone 3
PLOS NEGLECTED TROPICAL DISEASES;631;2;3326;Zone 3
POLYMER BULLETIN;632;2;3328;Zone 3
POLYMER CHEMISTRY;633;2;3330;Zone 3
POWDER TECHNOLOGY;634;2;3332;Zone 3
PRESENCE-TELEOPERATORS AND VIRTUAL ENVIRONMENTS;635;2;3334;Zone 3
PREVENTIVE VETERINARY MEDICINE;636;2;3336;Zone 3
PSYCHOLOGICAL SCIENCE;637;2;3338;Zone 3
PSYCHOLOGY OF VIOLENCE;638;2;3340;Zone 3
PSYCHOPHARMACOLOGY;639;2;3342;Zone 3
QME-QUANTITATIVE MARKETING AND ECONOMICS;640;2;3344;Zone 3
QUANTITATIVE ECONOMICS;641;2;3346;Zone 3
RADIOCHIMICA ACTA;642;2;3348;Zone 3
REGIONAL ENVIRONMENTAL CHANGE;643;2;3350;Zone 3
REMOTE SENSING;644;2;3352;Zone 3
RENEWABLE & SUSTAINABLE ENERGY REVIEWS;645;2;3354;Zone 3
RESEARCH EVALUATION;646;2;3356;Zone 3
REVIEW OF ECONOMIC STUDIES;647;2;3358;Zone 3
REVIEW OF ECONOMICS AND STATISTICS;648;2;3360;Zone 3
REVISTA MEXICANA DE INGENIERIA QUIMICA;649;2;3362;Zone 3
ROBOTICA;650;2;3364;Zone 3
ROCK AND SOIL MECHANICS;651;2;3366;Zone 3
RSC ADVANCES;652;2;3368;Zone 3
SAFETY;653;2;3370;Zone 3
SCIENCE OF THE TOTAL ENVIRONMENT;654;2;3372;Zone 3
SOCIAL PHILOSOPHY & POLICY;655;2;3374;Zone 3
SOCIAL SCIENCE & MEDICINE;656;2;3376;Zone 3
SOCIOLOGICAL METHODS & RESEARCH;657;2;3378;Zone 3
SOCIOLOGICAL THEORY AND METHODS;658;2;3380;Zone 3
SPECTROCHIMICA ACTA PART A-MOLECULAR AND BIOMOLECULAR SPECTROSCOPY;659;2;3382;Zone 3
SPINE;660;2;3384;Zone 3
SUSTAINABLE CITIES AND SOCIETY;661;2;3386;Zone 3
TECHNOLOGICAL AND ECONOMIC DEVELOPMENT OF ECONOMY;662;2;3388;Zone 3
THEORETICAL POPULATION BIOLOGY;663;2;3390;Zone 3
THERMOCHIMICA ACTA;664;2;3392;Zone 3
TRANSPORT POLICY;665;2;3394;Zone 3
TRANSPORTATION RESEARCH PART B-METHODOLOGICAL;666;2;3396;Zone 3
TRANSPORTMETRICA;667;2;3398;Zone 3
ULTRASONICS SONOCHEMISTRY;668;2;3400;Zone 3
UNMANNED SYSTEMS;669;2;3402;Zone 3
VALUE IN HEALTH;670;2;3404;Zone 3
VIETNAM JOURNAL OF MATHEMATICS;671;2;3406;Zone 3
VOLUNTAS;672;2;3408;Zone 3
WIRELESS COMMUNICATIONS & MOBILE COMPUTING;673;2;3410;Zone 3
AGRICULTURAL ECONOMICS;674;1;3411;Zone 3
AMERICAN JOURNAL OF BOTANY;675;1;3412;Zone 3
AMERICAN JOURNAL OF PRIMATOLOGY;676;1;3413;Zone 3
AMERICAN SURGEON;677;1;3414;Zone 3
ANALYTICAL AND BIOANALYTICAL CHEMISTRY;678;1;3415;Zone 3
ANNALS OF OCCUPATIONAL HYGIENE;679;1;3416;Zone 3
ANNALS OF ONCOLOGY;680;1;3417;Zone 3
BEHAVIORAL AND BRAIN SCIENCES;681;1;3418;Zone 3
BIOMED RESEARCH INTERNATIONAL;682;1;3419;Zone 3
BIOMETRICS;683;1;3420;Zone 3
CANADIAN JOURNAL OF CHEMICAL ENGINEERING;684;1;3421;Zone 3
CARCINOGENESIS;685;1;3422;Zone 3
CENTRAL EUROPEAN JOURNAL OF OPERATIONS RESEARCH;686;1;3423;Zone 3
CHEMISTRY-A EUROPEAN JOURNAL;687;1;3424;Zone 3
COLLOIDS AND SURFACES A-PHYSICOCHEMICAL AND ENGINEERING ASPECTS;688;1;3425;Zone 3
COMPUTERS AND ELECTRONICS IN AGRICULTURE;689;1;3426;Zone 3
CYBERNETICS AND SYSTEMS;690;1;3427;Zone 3
DRYING TECHNOLOGY;691;1;3428;Zone 3
EARTH SURFACE PROCESSES AND LANDFORMS;692;1;3429;Zone 3
ENVIRONMENTAL SCIENCE AND POLLUTION RESEARCH;693;1;3430;Zone 3
EVOLUTIONARY AND INSTITUTIONAL ECONOMICS REVIEW;694;1;3431;Zone 3
FINANZARCHIV;695;1;3432;Zone 3
FOREST ECOLOGY AND MANAGEMENT;696;1;3433;Zone 3
FUNDAMENTA INFORMATICAE;697;1;3434;Zone 3
FUTURE GENERATION COMPUTER SYSTEMS-THE INTERNATIONAL JOURNAL OF ESCIENCE;698;1;3435;Zone 3
FUTURE INTERNET;699;1;3436;Zone 3
INTERNATIONAL JOURNAL OF COMPUTER INTEGRATED MANUFACTURING;700;1;3437;Zone 3
INTERNATIONAL JOURNAL OF MODERN PHYSICS B;701;1;3438;Zone 3
INTERNATIONAL JOURNAL OF SOCIAL ROBOTICS;702;1;3439;Zone 3
JAPANESE JOURNAL OF APPLIED PHYSICS;703;1;3440;Zone 3
JOURNAL OF CONTROL AND DECISION;704;1;3441;Zone 3
JOURNAL OF INDUSTRIAL AND ENGINEERING CHEMISTRY;705;1;3442;Zone 3
JOURNAL OF INTELLIGENT TRANSPORTATION SYSTEMS;706;1;3443;Zone 3
JOURNAL OF MATHEMATICAL ECONOMICS;707;1;3444;Zone 3
JOURNAL OF MOLECULAR STRUCTURE;708;1;3445;Zone 3
JOURNAL OF PHARMACOKINETICS AND PHARMACODYNAMICS;709;1;3446;Zone 3
JOURNAL OF QUANTITATIVE CRIMINOLOGY;710;1;3447;Zone 3
JOURNAL OF REGIONAL SCIENCE;711;1;3448;Zone 3
JOURNAL OF SYSTEMS AND SOFTWARE;712;1;3449;Zone 3
JOURNAL OF TRAUMA-INJURY INFECTION AND CRITICAL CARE;713;1;3450;Zone 3
JOURNAL OF VACUUM SCIENCE & TECHNOLOGY B;714;1;3451;Zone 3
KNOWLEDGE ENGINEERING REVIEW;715;1;3452;Zone 3
MAGNETIC RESONANCE IMAGING;716;1;3453;Zone 3
MATERIALS SCIENCE & ENGINEERING C-BIOMIMETIC AND SUPRAMOLECULAR SYSTEMS;717;1;3454;Zone 3
METHODS IN ECOLOGY AND EVOLUTION;718;1;3455;Zone 3
MOLECULAR SIMULATION;719;1;3456;Zone 3
NETWORKS AND HETEROGENEOUS MEDIA;720;1;3457;Zone 3
OPERATIVE DENTISTRY;721;1;3458;Zone 3
PHYSICA SCRIPTA;722;1;3459;Zone 3
PHYSICS AND CHEMISTRY OF THE EARTH;723;1;3460;Zone 3
POLYMER COMPOSITES;724;1;3461;Zone 3
POLYMER REACTION ENGINEERING;725;1;3462;Zone 3
PSYCHOLOGICAL REVIEW;726;1;3463;Zone 3
QUARTERLY JOURNAL OF EXPERIMENTAL PSYCHOLOGY;727;1;3464;Zone 3
RATIONALITY AND SOCIETY;728;1;3465;Zone 3
RELIABILITY ENGINEERING & SYSTEM SAFETY;729;1;3466;Zone 3
SPE RESERVOIR EVALUATION & ENGINEERING;730;1;3467;Zone 3
SPINE JOURNAL;731;1;3468;Zone 3
STUDIES IN ECONOMICS AND FINANCE;732;1;3469;Zone 3
STUDIES IN INFORMATICS AND CONTROL;733;1;3470;Zone 3
TRANSPLANTATION PROCEEDINGS;734;1;3471;Zone 3
TRANSPORTMETRICA A-TRANSPORT SCIENCE;735;1;3472;Zone 3
VISUAL COMPUTER;736;1;3473;Zone 3
WATER SCIENCE AND TECHNOLOGY;737;1;3474;Zone 3
